{"meta": {"librosa": "0.11.0", "fn": "scipy.linalg.eigh + scipy.sparse.csgraph.laplacian(normed)", "params": {}}, "cases": [{"input": {"fn": "eigh", "A": [2.0409191213851825, -2.2878255802307166, 0.06840571428721423, 0.19499454841591712, -0.31774413335409035, -0.5510285531251765, -2.2878255802307166, -0.23193237764418947, -0.7666297111919459, 1.5615986937891513, 0.38315587249136196, -0.3221755133907297, 0.06840571428721423, -0.7666297111919459, -1.0551505512051214, -0.18327070607899507, 1.2085167113028192, 0.3219926804415586, 0.19499454841591712, 1.5615986937891513, -0.18327070607899507, 1.545820851212812, 0.13774259767286554, 0.03756064028844053, -0.31774413335409035, 0.38315587249136196, 1.2085167113028192, 0.13774259767286554, -0.24355867907910456, 0.5469151522790218, -0.5510285531251765, -0.3221755133907297, 0.3219926804415586, 0.03756064028844053, 0.5469151522790218, 0.6701043548284794], "n": 6}, "eigenvalues": [-2.676098108291626, -1.6580256223678589, 0.026301367208361626, 1.2192012071609497, 1.991467833518982, 3.8233559131622314], "reconstruct": [2.0409191213851825, -2.2878255802307166, 0.06840571428721423, 0.19499454841591712, -0.31774413335409035, -0.5510285531251765, -2.2878255802307166, -0.23193237764418947, -0.7666297111919459, 1.5615986937891513, 0.38315587249136196, -0.3221755133907297, 0.06840571428721423, -0.7666297111919459, -1.0551505512051214, -0.18327070607899507, 1.2085167113028192, 0.3219926804415586, 0.19499454841591712, 1.5615986937891513, -0.18327070607899507, 1.545820851212812, 0.13774259767286554, 0.03756064028844053, -0.31774413335409035, 0.38315587249136196, 1.2085167113028192, 0.13774259767286554, -0.24355867907910456, 0.5469151522790218, -0.5510285531251765, -0.3221755133907297, 0.3219926804415586, 0.03756064028844053, 0.5469151522790218, 0.6701043548284794]}, {"input": {"fn": "laplacian_normed", "W": [0.0, 0.860925851424735, 1.182621462913117, 1.2972597081521688, 0.2527998323671311, 0.860925851424735, 0.0, 0.911906913790079, 0.3050915722796408, 1.273320793350435, 1.182621462913117, 0.911906913790079, 0.0, 0.8470858119398411, 0.4478239100343023, 1.2972597081521688, 0.3050915722796408, 0.8470858119398411, 0.0, 0.6370884193544787, 0.2527998323671311, 1.273320793350435, 0.4478239100343023, 0.6370884193544787, 0.0], "n": 5}, "expected": [1.0, -0.24808320805185607, -0.3388571249028659, -0.3895172652852615, -0.08252876068803153, -0.24808320805185607, 1.0, -0.2705724393256331, -0.09486197833183921, -0.43045579267843187, -0.3388571249028659, -0.27057243932563313, 1.0, -0.2618958512953481, -0.15053491701491586, -0.3895172652852615, -0.09486197833183921, -0.26189585129534804, 1.0, -0.22441847075263824, -0.08252876068803153, -0.43045579267843187, -0.1505349170149159, -0.22441847075263824, 1.0], "L_eigenvalues": [3.1086244689504383e-15, 0.8919937014579773, 1.195908784866333, 1.3510956764221191, 1.5610017776489258]}]}